86.00741961906232 85.49009985054114
92.52873580944755 80.54162383635838
95.5428676187151 77.23521458834793
60.24749912938189 99.82532157772803
89.7208103250079 78.8013721933181
91.09926482683568 76.82950317409251
64.48101993978017 94.54249779029324
64.70320391926604 95.13268248229743
81.83082650776169 92.34058305287937
92.75284990912833 79.52315017471442
81.73570184240063 90.77503763731664
88.9347683697266 80.1624716052109
65.2846633543222 98.18699497798791
59.627922615509696 99.9136996755633
62.087617847772414 100.27291747640125
88.51849497187033 78.65079574522942
91.22752708201962 81.10498697445952
78.20908453156615 81.65857695674778
67.6973555810855 99.11586390270162
60.04862882111594 100.87889557841493
68.74492049616308 92.78815524920269
62.29510086537413 102.41558021060146
61.840580572922 97.42253787509694
80.58780484053428 88.08037516170276
81.18847406082699 94.58631424304119
76.51978596943827 85.05957660064264
85.06995915475227 95.97665944243694
91.3784908895967 82.25235071549956
88.48602167474579 80.75168166211921
60.53470836428362 97.5995757442909
79.33594844052249 90.67537262218681
93.46473197163529 77.98489359456767
62.95760628312145 95.78859347856294
85.7030843942638 82.05361676708831
56.811822095760675 102.7832529427054
61.92532748836267 98.27211667449274
82.44352733489426 88.26083228500964
81.97366912697976 95.88211804293528
91.77165795305785 75.5309405242082
55.661896937017296 102.75336345748892
60.592910918178816 96.27003022171523
62.291310363614066 96.00310660043829
60.96483551079763 101.21344172019613
63.872610951423354 95.6145451191031
89.38891091149773 92.8378048309022
94.15220213631045 79.19000897992638
62.11148587805708 100.31244658755088
71.69251215814502 89.55203248282557
78.63357127122528 90.50837197204925
85.59402556286727 92.75320021390972
77.21672045022959 83.96119150259041
74.11372862196131 89.3861470199454
60.645472670827175 102.6877601119428
85.85709441751682 92.04488781611005
59.478801152910044 100.67021679378578
60.134607664802374 101.28350759379404
90.24492548328067 83.06614387154187
63.06234172629197 96.52155090940059
88.54480520044461 80.10068253487492
92.15675265545282 79.20079552232309
83.74621069105969 82.45325792763269
63.14660169051998 96.6834718976213
66.26656970736062 94.0068737891803
83.64084561771419 87.5377482960857
88.51167539720458 85.40203215265005
63.52421556102542 101.47853443194248
88.82979721908947 83.98929847126384
87.39806275223523 81.63459916041334
58.087244234962654 99.44796508989965
51.33133460286562 101.57112217871024
74.77956669793248 88.12346650032205
86.49943774828407 95.73707752894228
81.45582617119949 95.36648321802922
90.689656371214 78.41673295970901
77.47174059047944 93.1839867709679
72.17520784677806 85.58170256118477
84.0734630976579 82.20975252645182
54.926507386862916 105.24945462787707
56.85011652166784 98.72066125144052
59.60548072377288 97.75269852862111
61.45461363157192 100.1320384172119
59.18762973057478 99.77911974169182
85.45809446606134 94.00825434707191
61.16968282295944 100.60185713971191
64.11485837729838 94.09000237540141
63.32598153696788 103.11040681043977
75.93443630889125 88.19577021134644
89.75147978782012 83.16151452360009
74.88224984433656 89.2234016073218
62.28009032697881 100.03455510663039
91.59469707327459 77.76694933683017
54.041043348967996 108.04993673516282
90.06044783437811 78.2650144233134
81.64540092530905 90.78935611757149
91.01191342848689 79.95518601015532
82.78829422585676 92.96727131276036
89.23888499549413 91.07615133591119
59.24595484793743 105.81244981470077
54.94939892573111 104.53133576031865
82.05895503308254 89.53763190531863
88.08070920030299 80.54126172723228
89.81859469333213 78.63511900453351
84.39808173640469 91.5418531327906
85.66367633709925 89.16843509636587
90.63504538748259 78.8146966171801
85.98080688612508 81.96312425996533
61.74696075689458 97.01727311283973
65.41474132513493 97.93735699457909
63.58081676279103 96.8023588965359
89.07124547490528 78.76769141679394
60.94869484227457 101.4684931954016
87.07719789489033 80.99288503540507
55.90278427301614 110.43602706813543
59.49942966604547 103.06156939977762
83.9672385850317 87.86050167998285
57.49499642823222 106.84719551392307
87.22247108232217 82.87980004132716
92.59171220915819 76.22334964172117
80.20392397434904 88.82681253039175
64.29290661300766 97.99007795898059
65.85492873156835 92.09466145525172
59.789606121706676 103.47731751992929
79.52761124390841 92.04039772596205
59.03971061102121 101.38365082730016
73.27746075646463 83.01847662248161
78.23523645685987 87.6553078383164
85.71694319106932 90.72388852261257
75.81679475433317 86.55835444351334
58.893913176349386 104.14542312668465
59.88064927201689 96.68036822026201
58.03762078014448 102.51413156349254
57.37404531078951 104.98631245288725
54.15619175293966 107.1533448291084
58.15897870744946 102.39917418741608
65.42985788399962 96.90066802269011
52.34725692621436 105.46533124813442
55.71105742602322 108.34300584389604
56.912890307713496 100.23486894159726
85.02202394573126 85.41552005430856
87.45481178643706 81.97413717143553
58.67083448616142 97.67941460940818
59.31573473474931 100.7068272615243
85.73314607726228 80.37758966561717
84.65993714940761 87.163942763706
57.64565338557028 102.23416192815566
96.7674839775421 72.52938691705562
78.2179956228231 85.62759244574882
73.14731001957077 86.31767628768327
84.86180713158679 86.83190466078092
92.04923013318322 78.69649461288894
62.26333236223782 97.41384896445186
60.46856592888144 101.39225671340297
93.53196546674441 76.56752402960385
73.54765446558828 87.39793328121529
88.31612316559227 96.77655620283794
66.05239587768673 95.5560589794454
88.6365170500399 81.65310878828305
54.1808959356759 103.13235063358493
64.9802207673267 97.53336086942505
62.207279362382856 96.5055072056701
88.88129804963617 79.50435553824367
75.13273717404435 90.22341568605914
90.85596584257115 76.99871264678761
80.19172644431266 90.66469591644002
56.52730257850638 101.3889485108883
63.330443317591175 99.79076625546725
58.421867756315905 102.21230067123234
63.614559338011496 93.95967220804245
82.8483103950448 83.59474479151085
91.56289180151302 82.13567341786049
90.03546684204147 83.98363577772245
54.36395607763043 106.49171804748252
59.41922669106716 103.14234924431923
91.66913607861548 80.92024143714657
60.59728438841439 100.79348142162348
63.128953460293765 102.91278421863046
81.54818292139956 81.81103494424633
65.66361900645343 101.47149021707912
88.8732593498829 78.51739910345776
90.02025740399603 79.31354070551379
86.95414977904052 83.14686959506307
57.2803913731141 104.15187044579342
82.47540234516539 88.52909870807274
90.16529020672998 79.4541245549646
58.44980769750393 103.51315057874356
56.5567395417001 100.28444313163742
94.97623289708434 74.96101835228323
59.836133430917464 93.58810322146975
86.62544771741253 81.05404952850301
63.57026378402386 93.24335819390026
64.03656019647447 95.32720910934242
79.5317232822324 88.87418693055957
90.56282416718226 78.47707055173797
91.16414885972377 77.8539853422496
59.18564691298632 102.86045448759269
66.99614333330771 97.18522112879299
57.952728522433034 101.94476850611898
72.53282660275195 85.35100202998373
78.21190750101673 91.54157283263669
52.606147751081664 107.11885546630796
77.23268061964802 86.07678608945484
65.5075190814982 98.95019271081209
55.94565636212957 100.97832878592396
77.62874399081942 93.06271961533272
63.33056322824532 103.07964728278044
61.89829737522275 98.07184117139627
88.63120590925753 82.43943945340182
61.475428371586055 94.84611777204832
90.81621185168163 81.7939019604525
82.73948674368353 93.09233138618276
88.95959457245841 81.58927290720516
94.8720902926222 80.29036746497326
60.55848589324815 103.25527858595045
88.38091595319385 83.42661085485763
58.73190680906663 101.56831141164989
76.25930303354832 91.94912063380175
79.35192386498511 92.04388855883933
56.50538373805432 98.82942319057884
58.95045631722991 98.42667435989931
89.62585783100451 81.6640100273276
57.17659119810088 101.32929865954821
98.25640285570698 75.04700002505173
60.96371928813352 103.37389175733304
90.00416213038487 82.81103346561194
64.81622714993965 101.33600256362915
83.5361627087563 85.5138787293575
58.728445530800435 98.74872582393775
94.47697971359484 75.11581660184243
77.77867371040524 87.67155869788688
80.33332447941042 90.07588202307895
52.97904884295498 107.7892666887459
89.47526965899561 83.75107665695168
74.96954749976582 85.4956009213953
90.02506471883045 80.97712499905386
81.96319187977461 93.13130654019389
78.68033081549878 87.43945343851122
64.96401805984137 98.90122475837026
56.249925975274316 101.61180314219062
94.14644009036378 77.2792263722537
73.42873963629847 89.72220222647928
65.17827464094454 97.6088817137239
61.540684999551345 102.31670342507678
53.69586348193571 106.56216673828956
87.19441478455347 81.94528346415306
78.86267689611718 92.86569271406316
62.554865997510305 102.38607297800165
74.48020323152058 86.16908523179391
86.26091785129499 91.30734596611097
90.7152792007536 78.9857569586458
87.3836326480865 80.69559687257514
62.641024250660706 97.39518681092119
52.73955506887286 110.26253812659513
58.827578207612234 95.08367040421713
60.328896242905245 97.61445936161084
64.10551193673454 96.16921147738017
54.83350019361677 98.26021145265105
56.65249676806314 99.58581546242793
91.29026500372723 78.42089307522214
57.00523484937717 101.05231226539355
57.493245328429325 101.69503471294992
91.68450078197665 76.53778174836019
91.88466701835077 76.95221854377296
87.0328899543105 82.89248526907656
59.42480298296205 104.08284329720838
61.87765664900742 97.76918252266196
61.08114932480149 100.08860366645065
85.27802404322063 82.14143493173609
77.36018965132436 90.54883650357465
62.474350881180094 94.55015779657485
81.47327329494334 91.25864499210246
85.66234097442599 80.90391680627992
61.484976914008556 99.86589468947034
90.0476324379743 78.42015951335219
62.959751688322356 98.50338471340105
58.610933730343476 102.15214731805926
89.77955243892588 79.54935958426736
64.70002090097611 101.79049242087636
55.55197711213356 102.96386275070087
61.367038190957444 102.64186999319362
78.99408403251451 87.98130724667718
67.34791968627532 91.64607977099516
89.52019337568748 79.94650315778297
58.046420213885675 101.80959333149363
56.805644827051836 100.8402992760102
63.33537607470162 97.7967432675523
92.77671814734175 97.44379088005242
92.63934795348281 78.68642670993474
75.2841775779251 83.49132346639456
79.52167156498493 94.5727743482425
88.83994739068635 80.65370536500062
65.57933598930846 98.81049641344993
60.58274928275485 98.87770784676978
85.53411701010606 93.74060555627669
60.71939113610608 96.02361518033962
82.71165037781236 86.6952971909768
60.23307096529262 106.70897465050314
94.46526350855456 79.66249374121473
82.2795570821583 89.07484863455262
86.06136019809561 82.79830237628232
58.56427873464482 104.31256883030723
75.28017548482582 82.38628732824503
91.93882716493589 79.82459352914272
88.5775586907755 100.75722332468375
56.19683703462981 105.25453321408345
65.29574701268302 98.46731170257004
62.4307567697747 99.60126461824271
89.30709717928332 82.56136641974021
60.2441365569517 100.30083983672073
88.44573713843941 83.09344955720144
93.63440959831614 76.617007688831
62.743465286645566 94.14545423063302
54.58853775689718 102.96553794106849
56.44291978888455 101.0623491611652
86.05591293741165 83.0563122236763
90.97477931666079 78.2628492927359
67.11788029420447 94.57266844726975
59.16099593934888 106.29428063583896
63.627399231817044 95.92357065060574
62.30250624130646 95.25193375565016
57.96548316170947 101.86726415369019
88.12457503770102 82.9208787774394
55.47622442632423 100.50482939693661
57.6278000744889 103.01513200861575
76.2108691538042 91.27448828960301
55.339430066796226 102.72486718857787
89.57410638334714 79.56031961402532
59.676566557365305 98.742728378737
64.0458984807461 96.59964419621772
87.81021393686893 82.6156247348389
90.89243437799979 80.22866017333718
77.29197883193939 90.52762975415793
63.50673451845477 99.31031178378934
59.07432265574733 104.27577943049926
84.03265108822902 88.10713727022473
92.44432392312895 76.39481749926748
55.12874243008342 105.54881680089812
58.040901856896056 103.57193934290827
77.87450968365464 84.6310044027949
87.9774535760313 84.17453363206872
87.25264938585923 83.4309325219759
58.904890741922195 101.77584019840101
90.95787306681451 78.8022054407015
61.419898813396365 97.65463079683278
61.31000845734621 103.02305451784984
54.89148508932564 106.6685767977527
92.68456202752891 78.56615826827623
84.15649799456898 86.62043751041584
56.822159093518195 103.72371097180054
60.743154066925676 97.014097393149
78.06224103919314 87.5967235589886
87.05717128890586 81.87250203451981
55.789910157340024 101.84393801549186
82.23161286467193 91.94115846724762
83.1122015729085 84.87884202643033
75.92458760893345 82.95402166664748
91.87834476093721 77.35766855227406
55.86458300227981 96.5482550719095
91.51295477251546 78.06132793398133
61.577648508624286 98.56131634916332
62.27465677041829 96.41196426857846
86.94613253102467 83.67985750584815
93.58227193093121 77.54099251135081
63.277946105465816 99.97609572371161
63.672250084643785 96.82760232585247
94.82186983532989 77.05691005995212
60.84673160906669 97.98618081562766
84.04089618704195 91.36119339054714
74.61679923526523 82.05298068622213
93.64215511945913 79.9062749976177
56.4538589845993 110.9123505949716
58.6206944398036 99.5538299300267
58.949269656099936 98.19432082572986
79.62786707131069 86.31647379879658
91.92800124791796 79.69626917683613
60.29162086463418 98.99747988726526
86.84699338305794 78.9925814558482
55.025953460193534 101.18135202579202
83.84650099628982 84.48590226787879
62.68467472937801 97.62302390826568
90.0295492463084 79.04063057311642
78.3976189730934 91.0092733720506
58.09065023535418 105.15285725759061
66.38241023721991 97.23773772351363
86.19476797984917 84.94755988248139
61.87944119795264 100.887084166869
57.55462451876003 100.6671792050637
77.21371099600387 85.83834615409997
58.49916808796301 96.94213483533066
92.69225886337125 76.3405630523221
60.25363250405098 99.25673650050065
89.0876387763156 81.26643977786664
75.85336047246751 87.40725895081547
60.00442031771191 103.99865467317689
82.28118153135215 92.05641431748344
81.48130998020866 89.06497488914073
66.46588135077731 98.0855299498661
97.55379959873504 75.92184271800981
58.810205809247535 105.47195314917364
60.09994186480416 97.82657466691781
92.31763002220222 78.61168872901744
56.99949695437444 101.86607240504547
66.72465119966962 94.53536541812919
63.65006967862641 96.6180467638686
84.0582310415123 88.04176825671885
57.02715627389713 105.07767801885937
57.02156085949429 103.43238043988062
79.25985693650733 88.11645243010621
71.65669418563246 82.23713047757096
57.890869495009845 97.2727382517855
61.80755206321118 96.39863958073582
88.62497540094517 81.54671350502714
85.87967196797777 83.54081034294819
62.72784039273355 99.4911149190152
57.23510626000991 97.023626060569
97.31363312132677 75.89059002976025
56.43431111091595 102.71344888213586
59.67985094459479 97.79148392096425
61.22182386790708 100.72102148347916
87.0681999002438 82.81526184074016
93.5704532582838 76.40947962377551
62.42952949856589 99.2673548263862
78.42780039373726 90.76136345377351
77.97083118672191 88.3141106784167
93.59616456048012 77.17337312097693
81.8515989686204 87.68622442771839
85.43594060900239 85.54022010763406
89.10690705240849 80.30660040232773
66.75121491491336 98.09911545186358
87.16697523177392 95.82473005176827
91.51765480536372 81.23429814977882
52.12893336080546 107.12269054332604
61.7093915108566 99.55949947275506
90.99535369110976 79.51027365716993
61.1876056037139 99.5848446166649
78.77996608546894 90.1424647763933
57.00351428850587 103.31716210873861
63.94912950706181 94.62842751843263
88.97437010131547 80.93926566321308
55.10025638958454 100.91397995020783
58.115443891451356 99.34881782017716
80.57826948750453 93.68803282128327
92.41643692596692 77.0936906736737
63.93290029816047 99.29226626729785
90.39908180000137 80.27363532046256
62.10179728732093 94.61833165735538
54.45135136964562 105.08850984545005
55.97923624575371 104.1618281850844
90.65579384218641 79.64996634170684
57.75802863591863 97.40383950140159
90.38577335439359 78.24300963179776
94.2402949098952 78.40463565851879
60.08650460207029 98.47725406210593
82.41613896322852 84.82834454745446
74.99467906727337 75.83958317366722
84.93461495609783 91.45903034643531
81.59059520891437 86.11038680044827
91.1734058813391 81.27299713670111
84.27108307669896 95.12308924835143
97.2294139426383 74.22587086136318
95.23075016944864 75.44592510146461
69.04599516187776 90.33663260400897
93.23719614123145 76.11993257654191
62.54475395389148 99.2115716802641
63.8241891636425 99.33660062097071
91.59914625890094 78.6097989600035
72.0754337026079 81.2727575630181
87.8875526414402 81.55376925065255
56.38296334627967 104.65290778855692
59.380918779701275 104.87455917244986
60.94088178962876 99.42751266237362
58.858170973449134 104.58037446795318
76.92776129648759 93.56101103980599
55.735151326265395 101.54683435283565
86.89976512822261 82.33242228398237
53.34791619729674 105.71547401039847
88.03475577842241 82.64729255794897
61.87396173338245 97.9470560184983
79.8706920159727 93.3693148546399
55.88633471500412 104.6495859934655
84.48920936281962 84.06183535433554
93.53134149686332 79.46069794053349
56.46384470235398 105.72248188144592
91.70877562641488 80.3781359006639
84.39849347864572 84.18034706427585
56.04774080541469 103.01719560374215
81.97656947484214 90.96277471159462
80.29336278457362 87.85087464667554
56.905216648594816 99.98962764992147
83.9368124332955 89.43360122959058
89.04626938607433 80.63506523625207
74.59755576024475 87.63946359616145
85.12073814538594 92.2835806055893
63.46464007812818 94.6459243952211
87.10484405152128 82.15880530937442
62.95125842955564 100.34032970089612
82.75601333552504 88.69923943771825
62.37851280498682 98.27909794791384
88.66342185895755 81.20152799041993
85.95770068945163 85.86589825804202
62.18404761426224 98.9651684895459
89.80087396589906 78.63701981254437
85.78717637431855 81.69367974081842
87.48171043971747 82.16848841909881
63.33124283488612 97.45370510207103
89.73674762342996 77.68905862491205
80.20068470138042 85.83512633095188
63.74904608958776 98.69820883196408
61.428467511240655 96.51256883875597
87.28894863223616 82.36307868972682
54.427856655300644 106.08452215588409
88.0622048301989 84.73556291857739
79.52921076039163 89.52725946887804
81.46639885381454 87.14614165751829
94.41220721883982 76.0729748433653
84.7478369220081 94.06874268614376
86.81482112177801 94.5782646268699
80.89388795502168 88.89690997762253
57.808622285370085 104.63439326793996
59.08651383154931 100.43389939252052
87.04120301940048 82.08465780691107
54.45049813066984 95.89069663449224
89.27143913194075 78.561731842675
65.11943471706351 99.51378390689543
83.63534265333199 97.26298495842279
91.10872882113995 81.25358372313507
84.8209454098533 92.65833141223982
81.24253154039131 91.76399303795921
63.68248246999238 104.20414542747407
57.49273931912857 101.7189816313708
65.63904318932636 95.92874008707963
86.1557541244823 96.7855949145399
89.06345884713633 82.44698924996878
82.15556166451337 91.48695321680744
58.1827413288789 94.35372561997391
88.84054586599413 92.76865596740556
63.55925285471324 95.44642834313818
90.06286959617597 81.12463372363568
95.87501528264906 74.72953831416538
85.61600484035299 98.5100569807538
62.512476227644356 96.800379889621
61.066615797628906 97.72174116963019
88.66720899829316 78.64802109210851
70.8528736812064 93.7400189682179
82.32720769129494 86.55276393225141
83.46839451104037 81.876336305294
63.010402869273975 96.52127918058937
59.29736457250021 94.44197107952802
95.25869453648147 75.71874042129814
89.96287710093154 79.46267232457093
63.40830117697472 103.9489683197768
89.4779659542508 99.57749899440772
76.20092660531799 85.50569245372989
54.483126976606144 102.77297336529615
87.63250405699972 100.40943424050673
85.15070527160088 84.38610344394465
61.02532112392577 102.04862359731024
90.12056125465354 77.73378062597958
87.99396602258268 81.00253409350697
64.64345939208818 100.28601093863983
63.69245892802985 98.12715911767138
87.56351126718033 80.7506666317393
89.80682413273237 81.11337205125736
60.735368177601835 95.2156480037082
88.08609467129298 83.38284882238936
92.78540660031763 76.57967412676113
78.60486439577926 86.3187275291822
62.15676183242721 100.35656639635438
68.34472400286495 98.83789203830345
65.99788207006296 91.6098734306101
92.82106430420048 79.70882804596529
61.40512779858101 97.95796448131802
85.75451925488403 101.61777453123187
66.41155410826865 90.8283956468466
77.78778714822312 90.8638232131023
73.38698720746632 87.58426194311484
93.1736343598044 76.75992102707522
51.398149202855876 105.51761724619905
61.91159810033634 96.09630820176834
92.04187768514343 77.24394006128
61.35067063894988 100.27220129286984
56.77219743256764 104.79352610806453
86.97481102175259 85.8880016055951
89.84932662246678 80.53035961793275
92.71154306164956 79.9929113461193
56.51921940674916 100.74894713211188
61.72555340519726 99.92411353580388
62.02834700580321 96.89306838334933
86.99397781071933 83.50629555867113
63.84152158359563 100.29672598614735
54.21771582247432 106.74758830929919
92.50140940112313 74.25722066506512
55.77403561926909 105.42779930063054
89.8654743010514 80.12695253879949
65.24266033097216 103.53336001040759
89.18665866600877 81.72633138140785
68.01932347311366 97.61199804846967
63.51048235416721 102.82458584690067
61.0571506742733 95.3017959156979
58.88132280255732 102.6462796800619
76.77303257039073 89.55734170146289
57.350381563968185 103.9721457518136
93.39721434467504 76.90229697267019
80.98449587144384 91.51850099350584
55.57898073880028 98.90573049827523
58.990783735566836 98.97657450838415
50.73086310035138 103.95646056796149
80.95933904920186 92.5405306592048
91.0279838105451 81.30245633386534
88.07142246822939 78.64343866756586
90.97989010356353 79.73990869067832
66.42772092889251 96.64346975506054
74.91408901254641 83.95775033936118
54.53056725213731 107.70254612624693
90.7378965631916 80.42835513309677
85.97424016318071 83.20077700190083
86.33750831414486 94.70167130669486
90.44448993632369 76.07778034188793
91.022413085516 82.01270528983794
62.42253593461076 103.19230219928566
77.16816783096661 89.68860706247212
80.74671531087884 86.93118332429651
90.18012392627664 81.42692636525854
83.74285094822693 87.33001554682583
90.78299366357086 79.46309501227927
66.20404841893965 92.03280135232743
90.85378896173532 78.13252190324688
88.31426817622436 96.02244742671876
61.37638003888177 99.07219991243969
74.03101412237372 84.99034989432757
92.33007156511269 76.44231445465373
53.530772753235254 102.25581884322978
56.83073648933052 106.23471638443236
82.76757808488702 94.49629785455369
96.3987438207372 75.4440745279056
91.75826187902267 74.75669485067105
61.25048982425447 92.40397007168568
79.50146736058122 89.54477850997965
81.42537729441183 91.35315154155462
84.40857922877301 84.0172873534986
74.27078151920077 85.9631708308471
61.704135525165825 97.44377020183086
66.38906645360885 97.78682169638495
74.78122185218587 86.62577428959224
76.97576786339782 82.0413412671022
90.68431672341934 81.3710944366233
60.128007429171085 102.33084078659857
91.38371948261084 95.9873286430642
95.38885854973924 78.2455363377757
86.63586446751793 81.4824303660288
91.31202684128428 76.74950245608296
92.60336751563369 75.64102430682104
86.79112227974304 95.29410528228456
88.76232341299664 75.90171174515947
88.43090283134971 78.67281815574648
82.34422282784746 90.75811142967085
60.52658980960872 100.33517341544743
81.40706301786678 87.42639789375637
57.21767173735684 99.79350360312968
79.11551450871688 87.71543630195127
86.94667670819814 94.87069577479787
54.370208971153495 106.09767182845212
79.83621055893877 84.56864511715739
94.10348521199461 76.72479336116581
86.8110127446071 82.76233497064143
58.88965807479644 98.53055869568622
86.60494065976421 80.81065785468274
67.82625622104477 90.9624712755413
83.56940518535582 87.77262895827944
90.88145659530622 78.22248087354369
73.56775181853098 82.14915128520265
62.31225724087999 99.13839331308718
58.22431057805991 103.18744709055156
80.46472535044836 91.98127884319976
93.09905065247555 74.5219941597687
55.74533079991885 103.63267552093889
89.89529195131101 81.42571355112851
54.94881703077645 99.57874497386582
54.436909207096406 100.92075491165329
56.95570550553324 101.4521492142669
54.48153448266343 101.93732751495642
90.48711601022555 80.13599356538832
60.596843673285406 100.76803002396466
64.82118236276882 96.00622434029161
78.33499109158382 92.02525124057576
91.08884832431278 81.64499786201407
62.33186872412891 99.74426584093398
57.92891288218634 98.69300010258313
56.39991759983185 101.64508980561068
86.09778751968388 97.87923127345145
84.24735940785254 88.00347920449913
60.72650975796833 95.38200392850575
86.14158080706 82.95066585391375
92.48991479882028 75.00573439825087
89.70594649536983 81.80742341441533
60.67486953187307 101.41453826071805
61.94800175397557 97.13359441598908
60.43301322921898 101.10637799260218
78.14641307942232 88.19961406140594
90.80489577455835 79.94897665092573
86.95527911427322 79.8001720205394
60.54583958122906 101.12811935824004
81.37881746073366 89.78785300863859
88.36438411001893 83.20899792248748
85.61599476477387 87.31795617304654
86.79696488343791 83.25678107435877
95.21670675334266 76.59404852108717
91.10206978512667 97.34008871543853
77.05226542451632 91.38157616781857
78.59587159866288 93.18267253894265
78.20518478338552 85.30509472180637
61.36586481288203 96.19156152568107
63.73423549329436 94.66385646746716
59.091943771614304 98.52833585426295
90.52550099411141 80.02647968139073
89.64323094256393 80.37923786001004
56.10197842852206 102.60504893054792
92.0287411308853 78.76877408534502
91.37378398966631 95.41876834043438
81.0360709297518 90.63477928311154
66.92188001960821 92.85022978786347
89.89418139869184 79.51454800150992
92.81191031623194 77.90196785376642
56.03129168882147 102.46676068539536
58.124558172309285 101.51343671980726
64.62168431471248 98.71025051280543
91.33886405955212 79.56916770584003
88.23814809986007 98.39924040590451
56.26039506764002 100.40077936654453
82.74349982069995 85.08208647500226
97.91899103585229 74.31962256713892
88.86270553167759 84.06301997292356
56.91273601316068 100.04470685028342
60.01552829241263 100.02254352337714
78.77788459262742 85.0610195314991
59.90292571354557 97.34010202969836
62.557596815302645 93.11758411631203
84.9788666757094 93.66483189419468
81.33738133040848 88.83590972518134
60.36620420794992 98.53541980588007
81.83266224269413 95.89779272165251
84.48371324144615 94.32693457509338
61.60084634795005 104.71349788812685
57.92359693135514 101.39531946619371
74.51197770806706 89.03489754030538
60.62514663654673 100.39088652523496
86.86880079191116 83.82964249682696
89.77338055736367 78.88360332317266
86.15880398118159 85.1591680007833
59.62234331025751 95.9077418870227
90.10217937679941 79.90384200009795
92.00680169972684 76.48092812346266
79.50269954141474 83.95611130187325
51.391318512460884 106.78915610568194
87.75122878144404 82.98268638146037
65.185272490004 93.58970689927435
58.518940839701536 103.25132213174574
93.52556833628613 78.57551052442193
87.989238675186 78.8646671182526
59.49027553261656 106.1421109919401
88.85953445654613 82.18360285520589
58.42657802528357 100.4676815311946
87.83780941473383 79.83443569805262
78.28983912452148 92.41085247928234
56.05445572871275 102.5369138781657
93.856964806272 74.03900532721661
69.40900485692511 81.56689034474375
59.51565401494275 101.46052603735131
62.26883888992774 95.27762413892887
54.175160492664205 108.88691901163112
86.7191740069959 83.09009657591015
86.87791074416465 95.19705175821777
90.77302927108276 77.73352359454206
66.3082618893624 90.74242075299229
60.366544690263225 99.49249256335919
78.60776501407497 83.80031345705187
79.8045788325768 90.63108804414169
89.51873239216735 79.01009029331831
87.96836512464034 96.45549305112269
58.0791321387228 105.43538093247868
59.55894752204416 102.82631721909992
61.826205691672705 96.8212805846602
57.8564548468021 101.44129125802232
75.46733677615336 83.22653726970998
63.35816977378882 98.02989735496008
92.27545944470208 78.09966794489767
75.21810006579632 85.27739562607947
65.42323440706498 98.72280517439522
88.68903867642689 81.33599982051774
57.84410999667776 103.65155617951385
90.85452044966976 76.37736841143855
61.12903765309527 99.71326790192627
91.98443058270094 79.42307288743055
61.562275426309334 101.79227496253775
59.69911021232506 97.28266215344907
78.75002401956672 90.84866301403704
80.05361863458658 88.55247862156405
59.495532097285455 101.89125886397257
79.55014868250103 88.79692177457102
73.98848089972849 86.9087747292814
73.53943060963446 86.68160878054306
80.64769748541003 84.44012053834301
90.17139691038128 79.1698468545482
62.11738333256355 99.97186613580035
64.53793644439689 96.13299903891287
59.630894519434435 97.89362456481146
89.54612465768888 78.05773966179466
86.75206676137948 80.30111911761298
87.46609422776771 83.21026407217613
91.61636130250093 78.8194441875403
91.43877121313339 77.56089341382517
92.93699008312483 79.82500187573014
78.89028108398753 87.87924213602314
58.31642461835632 99.1515134606758
67.40545614079609 91.47790880363641
93.5640964606449 77.07476257328105
66.2038126712881 95.59357042312475
93.42941391199047 75.33096177076035
95.3894731792883 76.06662585915535
89.82226457891385 81.78081145449428
85.23047564783755 93.7418230492802
88.54716617113922 82.52775832829607
59.31409784038896 99.07857853996357
57.872726635802785 101.72706993736148
60.38428529265889 103.42112418797254
89.35256235238296 80.38229382248622
59.74920108643094 103.68274595078447
90.64553110193354 95.97014074972594
94.58241291352618 79.07205751375267
89.77405310148403 80.79817647448643
86.97608231197073 78.14783064486002
85.24526933469895 93.10404351612836
63.86168121282879 97.8727254487761
59.90948091504114 97.50515316866053
81.8022320088121 87.64641282931566
87.69954386150887 84.15296090068018
57.22691704225509 98.72728043210597
59.148989218681194 98.76490011926583
57.89508538641202 102.0654646772228
61.96093191729396 95.52643431472184
91.32374754012348 80.47788649765258
65.8297026644165 97.76876914877826
61.29799887623354 99.68595280948094
82.65912526795802 92.63930122161811
61.12161129471268 98.03461794963165
59.81483363061517 95.120942815277
55.7390972109916 98.91741655623103
79.28738638111685 93.1637353978762
56.135760809101605 103.10626011077524
90.91895022348683 80.52738872643879
91.48986597210317 75.19004682575306
84.36926278550946 82.81499813889846
60.49495757653063 100.35758164378532
81.81530360371836 93.40741895633238
61.04287221259171 94.67228969761521
58.73316681561848 101.68570333302331
57.11761447321733 102.51077346126722
58.89004076076592 97.62895786822332
58.02434368360722 103.8036297358778
87.1900743608036 80.18870745750705
74.72763317735159 97.18133922852473
55.716520924474764 99.30453769974446
59.6009588941521 103.09229703486244
57.38299034196933 105.02959596122832
83.7994188756694 93.57333761911806
89.03654455496434 77.51529446991655
59.796984999075654 102.42354219913743
93.71864962333305 78.07083863858846
65.74988451683234 96.2066578423288
85.68051397288349 83.10621547639599
59.4455996280331 102.85834933441566
64.59105534543619 99.68876510949053
94.10083546954962 75.55704875097604
60.16253917067258 101.40329181803442
91.36553385034684 78.35778294755089
66.89282897713204 95.49148024123599
83.71003475062209 92.7302767737191
95.69221321195432 75.7889611274544
90.11866284602807 82.5804434984419
60.89446926073525 97.41311532807413
60.39243722728702 94.8772998186235
94.92954323293965 73.16038059800441
72.47192037119592 81.6361311333453
60.270701239530545 98.66404382869948
58.36697119480338 102.13572370792527
81.8020818239788 88.1298179681753
92.38902304739277 78.4237289948548
56.01704197235038 106.5054396440876
81.35233794467993 89.20868234320058
63.11259616310884 96.42547104893164
60.31974481362984 98.3536903418824
57.47134188968703 105.82669664371045
92.5100376035269 77.27617730887366
59.531433090784866 96.76758707960134
57.45923848471929 104.26419059840185
62.227327113261396 101.35406245089804
95.05719067294204 77.72111991287312
61.243302452184025 96.3718463154809
62.23616047704849 98.3242922597452
88.35055032114767 84.23729046109369
85.49946881363623 83.67023239965496
